[course3.jpg]
moddate=c50fd7119906d601
width=564
height=336
text=1;150;29;ROBOTICS INNOVATION INSTITUTE;Arial;0.577042,0.049888,0.039802,0.000000;v1,4294967295,4278190080,128.000000,1.000000,1.000000,1.000000,400,2,49152;;
textactive=1
[course4.jpg]
moddate=3f7d9b589906d601
width=500
height=550
text=1;150;29;ROBOTICS INNOVATION INSTITUTE;Arial;0.495028,0.015243,0.025318,0.000000;v1,4294967295,4278190080,128.000000,1.000000,1.000000,1.000000,400,2,49152;;
textactive=1
[engg.jpg]
moddate=8f2381769906d601
width=293
height=165
text=1;150;29;ROBOTICS INNOVATION INSTITUTE;Arial;0.499453,0.034249,0.048775,0.000000;v1,4294967295,4278190080,128.000000,1.000000,0.000000,1.000000,400,0,49152;;
textactive=1
